558.095;-152.772;949.173;-781.375;653.486
0
855.188;-106.488;-1126.43;-147.591;555.594
0
721.145;-1082.97;1096.49;531.933;-661.666
0
-245.131;-730.152;-793.868;498.45;206.579
0
592.78;-894.451;728.867;-445.03;-194.394
0
-91.9834;-515.067;78.2784;605.069;-169.356
0
809.563;63.8787;605.476;1043.57;-390.654
0
-756.963;-178.01;-200.251;-1034.44;-619.903
0
514.422;-665.006;739.65;-1137.83;-267.315
0
-846.178;-564.458;367.479;-14.2506;-976.543
0
-544.874;68.9074;-1022.41;687.417;-680.49
0
-206.475;188.286;-332.554;-551.326;41.4334
0
-679.952;559.347;-654.191;-285.492;784.348
0
-897.968;1125.68;-232.895;140.93;-561.322
0
1119.35;-1122.99;-476.71;1103.29;698.033
0
477.261;-208.842;-537.644;837.383;-935.465
0
1019.49;-1045.81;-287.384;760.851;734.29
0
1045.9;-997.257;669.522;1107.74;-567.482
0
118.888;-1149.45;-109.576;625.026;391.84
0
896.791;195.985;997.356;-90.1139;-871.252
0
